[-5.65436912 -0.56799517 -1.30654367 -2.4146967  -5.0201551  -4.87954672
 -6.50943477 -3.36212577  1.49638613  1.79302279 -1.65343836]
[-4.91186492 -0.76412143 -3.55280807 -4.51413998 -6.04999279 -8.08183884
 -5.51776559  0.11075842  2.52301922 -1.63321857  5.4299744 ]
[-0.91198828 -4.80343175 -1.47794268  1.77691523  0.98708174  3.70069501
  0.2610308   0.35304621 -0.19581694  0.09780816 -0.09943706]
[ 0.0746052   0.35345408 -2.84067747 -1.33526845 -0.15868798 -1.47444132
 -2.11709568 -0.46925566 -0.42472063 -0.40769491  4.71020481]
[-0.11620034  2.61131509  2.43707839  3.08001117  1.39052918  1.95359625
  1.16076671 -1.66132031 -1.25753075  3.69304433  3.37000666]
[ 0.64445031  1.98569949 -2.28642768 -1.9669514  -4.80319668 -2.57514204
 -0.22983282 -3.1007886  -1.28798904 -2.43077267  1.35354593]
[ 0.28190022  0.32704756  3.77490865  5.1283949   1.49308117  0.53129701
 -2.6299447  -0.83931106 -2.24260137 -1.38057378 -2.49772761]
[-1.73080444  1.36909493 -0.36756756 -5.12557781 -2.98958142 -3.13514477
 -3.78571533 -4.70513739 -1.16585765  0.73270175  2.45147503]
[ 1.04171928 -2.97003917 -0.10765693 -3.42625724  0.1821458   3.96828126
  4.16320471  1.87028153  5.27111735  1.48887682  2.20130749]
[ 5.73937761  6.28093952  8.61122258  6.81816038  9.94467243  7.1310118
  5.78332939  2.66319312 -2.40111661  0.45134979  0.91401278]
[ 4.44031794  2.41203513  1.23355817  0.89837732  1.74150341  0.80369587
 -2.64697311  2.04626285  1.92058681  2.50961608 -0.17715288]
[ 4.48117065  2.53488731  2.21910981  0.05528252  2.59940895 -0.12366437
  0.92452963 -2.15656773  1.0094953  -1.44846888 -0.09635762]
[ 5.23442058  7.34294629  8.74935902  6.35865462  7.26938353  8.11032088
  4.21645322  2.22844263  7.4935251   5.23776128  4.39602099]
[-2.31279626 -4.61997707 -5.05451166 -5.59853045 -5.71762853 -3.24665486
 -2.44672269 -0.99717782 -2.17519902 -4.49459565 -4.92291684]
[-1.35462557 -3.39049599 -1.78626606 -4.19199225 -4.86193675 -1.93970589
 -2.05192428 -3.74386234 -1.37766915 -5.14471898 -2.9383111 ]
[-2.97580641  2.9432698  -0.96560261  0.09449813  0.86859698 -2.27654381
 -1.59924902 -1.95076482 -0.2820897  -2.43065221 -1.89491429]
[-1.09937682 -1.65905455 -1.10164242 -0.79788389 -0.10029898 -0.23902468
  6.87903114  4.65383188  2.12982537  2.13368903  0.65064222]
[ 1.60051636  4.83067567  4.64999866  1.996158    3.60978211  2.13679618
  2.54506608  0.73312364  0.2595116  -1.31796654  1.8968761 ]
[-1.26897514 -1.01309486  2.88170357  1.26516734  1.27137661  0.68387038
  2.68837773  1.75550458  2.4905722  -1.43946898 -1.07206086]
[ 0.22648252 -4.68525232 -1.40103397 -3.9532396  -3.8839774  -1.09590192
 -2.61781539 -1.67951398 -3.82520418  0.53088219 -1.27171913]
[ 2.71346769  1.27709551  1.06544471  0.6204697  -2.89686342 -1.71380542
 -2.32916819  1.88373262  0.98711697  0.48135982  3.95284099]
[ 2.10956583 -0.57637846 -2.27615473 -1.50484074 -0.35828523  0.70278051
  2.24484479  3.59410974 -0.46041433  5.41971815 -0.48905372]
[ 1.74787591 -2.26647293 -1.12417608 -0.10281252 -1.71900627  1.82923286
  2.2185062  -0.48762003  3.72383895  4.05290067  2.58948401]
[-3.2764782  -2.88424064 -1.11552548  0.24051578 -0.63471053 -2.10718548
 -1.09548786 -1.26307899 -0.64238024  1.58343944 -0.19201775]
[ 3.92530152  0.96361219  2.11818975 -1.74356522 -1.53966132 -0.69707298
  4.43538296  3.6136105   1.99282796  2.54113891  2.35875004]
[-0.7964874   0.87261761 -1.58423354 -2.86425019 -2.82638755  2.81857726
  0.83405505 -0.30024949  0.70107876 -1.74466913 -4.85719774]
[ 2.0427735   1.85527527  5.23639231  5.57184477  2.04160437  0.98230269
  0.53728939 -1.03824324 -0.20332093 -1.45459587 -0.01744199]
[ 5.75778671  2.55303136  5.31686909  1.59116588  1.13637775 -0.0977358
 -1.44519994 -0.78567395  1.21128436  5.27547474  2.634986  ]
[-1.54631003 -0.15715306  0.14055777  1.16782742 -1.60026937  0.72489136
  2.23903392  1.9463213   1.90629577  1.03885578  1.35987896]
[-4.74487505 -4.56860749 -0.69713004  1.17814512  2.04656975  3.41541109
  5.08752938  4.35036817  6.03134494  2.28962153  0.94465087]
[-2.32244974 -6.5451604  -5.00523691 -3.64208866 -0.9050686   0.35104733
 -1.23252676 -3.39214942 -1.4998963  -2.1803043  -4.59570442]
[-1.17845249  2.24443583 -0.08544797  0.29179394  1.12732109 -0.53689004
  2.57785024  6.58338667  8.10986971  5.05537323  4.86035794]
[-1.9101877  -0.66210375  0.56059626  0.86524947 -3.69359874 -2.2921761
 -2.15387685 -3.92781393 -5.46432096 -4.10464356 -3.26412527]
[ 1.76927144  2.63379991  3.18134665 -0.31797304  0.08611345 -4.03112428
 -3.39761472 -2.20801315 -2.35026582 -0.45170638 -0.78985071]
[-3.42110731 -2.98877599  0.37018223  3.1562183   0.35558375 -2.88497225
 -2.54501192 -4.28894324 -3.67855226 -5.02398444 -3.23441671]
[-2.66425869 -4.12734068 -2.73031407 -3.74425215 -4.32018703 -5.58265042
 -5.71040515 -4.48476724 -5.43443582 -2.83514014 -3.0278793 ]
[ 0.20677195 -2.90583048 -4.11217142 -1.69675511 -0.19274258 -2.66986194
 -3.48726479 -2.5466744  -4.45220946 -3.31932282 -1.97718366]
[-2.42018462  0.03496385 -1.7469166   0.21302663 -3.03904058  0.26302135
 -3.31737942 -0.91291146 -3.72744178  1.36321819  1.31770304]
[-2.48515298  2.23007089  0.24932287 -1.40389566 -2.9341131  -0.01226166
  0.30879538 -1.53158551 -0.85657231 -2.47883732 -1.03012216]
[ 0.71716706 -6.27479372 -2.3137146  -3.41186863 -3.47899325 -2.03223615
 -3.42280852 -2.56795251 -3.81357605 -5.78310124 -2.95394514]
[-2.75528746 -3.52203667 -3.78016061 -5.94746503 -2.89571843  1.32073963
 -2.03868267  0.72917414  0.34711546  0.39346026 -0.65745168]
[-1.59654739  2.60986263  2.76435921  5.92365887  4.68358129  6.74563661
  3.20378382  1.65685606  3.56425346  1.02275539 -0.6930413 ]
[ 5.74731546  5.76585794  4.83138379  2.79249289  1.37263524  1.10039015
  1.4708666   1.45975217  1.69261847  2.65591495 -1.16520017]
[ 0.63043421 -1.85188563 -0.79540838  0.35527893 -1.85799761 -3.21829239
 -1.61804725 -0.52143048 -0.07868662 -0.97205895  3.18262972]
[ 5.71510221  0.68012562 -0.74390372  1.2990762   3.35033805  5.81244361
  4.5912724   1.9253895   1.32601065  3.59655325  0.90559667]
[-6.99401565 -5.61959513 -2.3795421  -5.90643404 -7.7528626  -4.82635914
 -6.73428823 -5.7959608  -3.8505047  -2.90880481 -3.41361429]
[ 2.0915107  -0.28498898  2.35332832  4.75652458  5.50482225  5.44077376
  2.0811684  -0.6834125   0.87386748  0.04802149 -0.92080236]
[ 2.77636273  3.5879362  -0.4453696  -0.56880602 -0.36522766 -0.29926451
 -0.79303215 -2.45665857 -0.98588399 -1.06224322 -0.68178029]
[-1.21006153 -1.49649807  2.25491756  2.98485694  0.84659878  2.89765524
  1.45329041  6.23230674  2.6734118   0.2980168   4.01749309]
[ 2.18325534  2.8561631   0.18814573  1.34726137  4.97628568  8.28077342
  7.4578435   5.77175315  4.85490376  2.18858556  1.44806344]
[ 1.17274699  1.51254496  2.9102331   1.48221594  4.56038989  5.46881271
  2.59532704  1.4778563   4.5358821   2.30113314  0.29569557]
[ 0.7382091   0.55416517 -0.9896371  -0.48294361  0.46413608  4.98412097
  4.92052475  4.68330207  2.24716732  0.72766791  4.29721497]
[ 1.44062722 -1.43797757  3.79620225  2.08159434 -1.25313071  0.5873155
  2.41278787  0.42079821 -0.29818973 -1.4090988  -2.44763324]
[ 5.75775818  5.97603303  5.38677836  4.37778459  5.27775944  2.00141546
 -2.43676297 -0.57265245 -0.12912825  2.06509534 -0.63296589]
[ 1.50982082  2.35439197 -2.98448671  0.53711589  2.08940273  0.77457728
  1.47069568 -3.69358426  0.23181093 -1.91341924  0.8494732 ]
[-1.71607348 -1.8445695  -2.49983835 -4.22819059  1.76629979  3.2613624
 -0.52666817  1.58806767  7.27708006  6.08755518  4.78442459]
[  4.81067469   8.04486263  10.20621954   5.72220359   8.4504808
   3.9618607    3.80255117   0.30102707  -1.54115808  -0.40390591
   0.99625783]
[-0.2705307  -2.28230279 -5.4200405  -5.91811419 -6.39833133 -7.35383892
 -6.01910279 -7.81054366 -2.6852893   2.74019957  1.42287904]
[-3.22763774 -2.8260073  -1.24736622  0.32934903 -5.10042368 -2.51734642
 -2.25509253 -5.56393974 -2.72753939 -4.16733894 -1.0888274 ]
[-1.79308671 -5.65621536 -5.58706571 -1.43925194 -1.966105   -4.26887566
  0.80645158  2.59198959  1.97205335  2.35032489  2.00683638]
[ 0.24156975  1.98027964  3.33970547  5.56055548  1.93637744  2.95868935
  4.32910114  1.19116885  0.4632925   2.9190971   3.02955136]
[-0.97689455 -3.72053196  2.8716528   0.41921535 -3.43856279 -2.15777177
 -4.60922319 -1.87426539 -2.58776254 -4.329952   -1.78374786]
[ 8.10370492  8.35102503  6.57347058  6.95826442  6.33065828  1.14022577
  1.10106466  1.38245426 -0.61296783  1.04982734  0.12594807]
[ 6.34448256  6.23974017  5.69736155  3.60448061  1.97826287 -0.6567989
  1.43480484 -0.52420168  1.85703331 -0.63226361 -0.07349734]
[-1.70681849 -0.9317084   0.93885899  2.17238988 -0.69723604  0.23120527
 -2.38106103 -5.27258619 -4.75953442 -1.52505012  1.93061154]
[-2.71774661 -0.61814925 -1.02006034  1.8247737   0.43339849 -2.02250705
 -1.01354946 -0.39305689 -0.8948687   0.10394905  0.00606922]
[ 7.28501831  4.07046818  5.08402994  3.11557738  7.61936483  2.87798015
 -2.17413319 -1.75503326  0.39086115  3.42742001  4.39492895]
[ 0.86726056  3.28042635  2.12670106  5.17949081  3.00755847  5.02969959
  4.75665231 -1.64166834 -0.47186855 -0.96086528  1.15113849]
[ 2.82109541 -0.65384476 -0.35850125 -2.33977307 -1.46599584  0.2545784
  3.32009536  1.33715285  0.04478869  2.24676647 -1.29629847]
[ 1.74517133  2.22014217  1.50001967  0.94011514  0.15081884  1.3447406
 -2.6395868   0.65900119 -0.30121742  2.95572144  4.62702643]
[ 0.80753221 -2.40111909 -2.31051519  0.39888528 -0.85081088  2.30536491
  2.98998903  0.38041884  1.14761441  0.3108069   1.1328552 ]
[-0.43121526  0.32056084  1.52239743  0.9857187   1.70768959 -0.50572942
  1.95118357  2.8849552  -0.32077995 -1.68625951 -4.19533927]
[-0.95145856 -3.06276403 -0.04695403 -1.65985433 -2.43079    -5.05641833
 -5.87679012 -5.22207267 -4.33622082 -3.93182153 -0.03260515]
[-3.99260258 -3.57883216 -3.98743028 -2.36530016 -1.69136601 -2.76165536
 -2.23214652 -2.20033446 -6.04865721 -3.37701609 -4.68046969]
[-5.2832938  -1.86532301 -2.14145704 -1.35222638  1.41328781 -2.30889345
 -7.31665551 -6.9693529  -4.59474452 -0.51685139 -0.75102748]
[-7.54004061 -6.29609994 -5.65492606 -5.81752974 -5.37470449 -7.77988999
 -0.76607845 -0.63710006 -1.4408425   0.66985807 -0.16573208]
[-1.40785071  0.78200878  1.51339508 -4.37356966 -5.16951832 -6.89189553
 -3.74936507  0.47588748 -0.37239092  0.28507762 -0.45274401]
[-0.80538994  1.86776234 -0.2012501   0.3120325  -4.7012418  -0.39091095
 -6.77931442 -4.38092665 -7.03766232 -4.9929376  -3.62297447]
[-3.2188484  -2.66307423 -1.13393351 -0.72262284 -1.43542687  1.87335819
  1.54298627 -1.24672402  0.70860904  1.32198631  2.63836989]
[-2.54862851 -2.92626734 -5.76392965 -2.49439111 -0.4902011  -2.86002289
 -1.44717064  0.74164041 -0.47378612 -1.11267764 -0.05036415]
[ 1.1547455   2.19161473  2.30203695  3.15265737  3.38551537  4.36143983
  2.05146571 -1.7890813  -1.64457283  2.86890593  4.21547813]
[ 3.65688538 -0.91727017  0.29638632 -0.31130897  2.44167148  0.28132047
 -0.65946938 -2.65693172 -1.23360966  0.47954991 -0.11432069]
[-2.07779874 -2.43982937 -3.85198923  2.15310096  1.12752858  3.70401829
  1.83982019  1.1722578   0.35978311  0.87019829  3.99221962]
[-3.43485669 -2.72754877 -1.20958922 -5.72558632 -4.49587401 -3.68042008
 -0.11743038 -1.36236332  2.38666222 -1.20360772  1.10697748]
[-2.7163469  -0.76403872  0.35559098  3.39908516  1.16987674  0.01534866
 -5.28226161 -6.13993822 -6.73690797 -3.29945475 -0.48229309]
[-5.02521506 -3.9343776   0.67612522 -3.10207002 -1.00830642 -0.30931153
 -3.12179137 -0.1156526   1.52002614  1.60834223 -3.53294116]
[-5.53622007 -6.06617458 -1.88925649 -1.11754112 -4.88011757 -1.81117722
 -2.0836725  -1.79556886 -1.14073041 -3.42708109 -2.58713672]
[-1.85693602  0.09868059 -3.46383726  0.57671787 -4.00800926 -2.19816514
  2.24992822  3.01541593  4.95799349  6.47950396  2.55802979]
[-6.6171897  -4.64359808 -0.29352565 -2.95317837 -2.14278211 -0.646412
 -2.11107378 -5.09022015 -2.65169387 -6.69463674 -6.8838951 ]
[  3.51365184e+00   1.14367583e-01   3.40275492e-01  -1.22585011e-03
   3.14878425e+00   2.28337594e+00  -1.01905497e+00   2.74756527e+00
   3.78765318e+00  -2.55915403e+00   4.29328298e-01]
[-0.24037372 -1.47862583  1.21271399 -0.86832347  3.75535882  3.7384744
  3.32923356  3.10590753  1.11298039  2.24426306  2.32586716]
[ 0.59658531  3.22038367  3.91920826  0.96531773  2.723432    4.68339954
  5.62963183  2.36023932  1.26708177 -2.99869228 -3.17520992]
[-3.91680369 -4.34954747 -1.52980206  4.78871254  1.67633907  3.74696108
  6.11994805  3.86295989  4.35095765  3.16940415  0.63355915]
[-9.49316059 -7.05054248 -6.54477632 -3.59492785 -3.38458046 -0.22000376
 -3.36128137 -2.56582813 -4.09774524 -3.46505381 -7.01326747]
[-2.60666864 -4.38996835  1.7702595   4.38832755  2.90964107  4.52314166
  6.03656041  5.90189188  3.03573176 -0.19428703 -0.64363126]
[ 0.89784396 -0.29274536 -0.13621259  2.0178967   4.36396637  4.07900133
  4.94345205  5.47461963  3.29825577  6.98255091  3.32306931]
[-5.44964983 -5.68321278 -4.45870093 -4.7341525  -1.43881724  0.20283596
  1.28897771  0.06013843  3.16412153 -0.17901125  3.37423917]
[ 1.61088699 -0.94050262 -1.73538996  2.51791039 -0.66736682 -0.43234311
 -1.87366967 -0.39447964 -3.68649198 -3.31687301 -2.80508404]
[-5.92139    -5.41692223 -7.19975677 -7.76080831 -7.63053362 -6.27280334
 -6.58083306 -5.02306511 -5.75212694 -0.92254453 -4.06719703]
[-4.27658121 -1.0550487  -3.85692439 -3.91722055 -2.33798755 -4.63928722
 -6.03479532 -4.79533489 -1.49095952 -1.96060051 -1.35737245]
