[ 0.61250936  0.80718784 -0.25591187 -1.31256034 -1.91095454 -0.02174566
 -2.62709716  0.13252188 -0.41439376 -4.57621068  1.56872899]
[ 2.51558123  1.28199409 -0.89233452  4.50177814 -0.48444145  2.31817161
 -0.21942377  1.53910539 -2.19100101 -3.16410994 -0.31755737]
[-2.78586775  0.81561297  1.19102031  3.75019346  5.4265754   0.31752955
  0.21812817  0.88647915 -3.08197431 -1.49354806 -3.31085805]
[-0.17340379  0.64881424  5.18814158 -0.97230583 -3.77667897 -8.82872886
 -1.72815402  0.80546816 -0.57054855 -0.77449373  1.20018241]
[ 0.18392652 -5.90474339 -5.27762287 -2.39348754 -3.39711062 -1.95936723
 -4.45528395  2.4107114  -0.06248113 -4.87511658 -1.14472947]
[ 0.32270344 -3.91170341 -0.1279382   2.19032894  2.66951362 -0.18933254
 -1.54393143 -1.76611364 -1.66689081 -6.2426863  -2.79678654]
[ 0.85124662  0.54853001  1.37645481  1.8865436   1.45555037 -3.79928445
 -4.06674563 -0.55195746  1.45241501 -1.32161429  0.69000808]
[ 1.46433799  2.68629222  1.10296014 -6.54494361 -5.42616951 -3.70003219
  2.00708652 -1.63227979  1.45924796 -0.53028073  3.31462393]
[-1.12169121 -0.86832651 -3.4855269  -4.5028912  -4.46522856  0.62527747
 -2.31717464  1.73403741  4.97842702  0.07622048  1.99233622]
[-0.4982704   2.13665637  3.55404571 -4.06982705  2.06871623  4.45484214
  0.4669387   2.01090949 -0.31606549 -0.83202856  3.33908451]
[-0.303805    2.06299929  0.78120687 -3.61193529 -3.63988456  1.81198512
 -0.27034589  0.89693085  0.18848925 -0.67109042 -2.15833924]
[-0.39476379  0.15654682  0.70973123 -2.67039006 -3.72772139  0.84824557
  4.31895092  4.297616    3.19661062 -1.42037654 -3.07104927]
[-2.28171423 -6.37287255 -6.91561311 -4.32451925  3.17686662 -3.14138948
 -3.52777784 -1.26504028 -1.16593869 -0.9218475  -0.76592174]
[-2.44653968  1.17841892 -1.84110843  1.05975139  1.07127553  4.77614904
  4.13471006  2.24450316  1.78273951  5.30753814  0.70876654]
[ 3.22725767 -1.62754498 -6.99058275  2.92719858  3.70782682  3.19819686
  3.99755513  4.09127215  5.65601523  0.68839322  1.04698059]
[-5.08089017  2.07288507  4.74239176  0.26609798 -0.33420334  0.11891924
 -4.312527    1.13995228 -3.50041276 -3.78123091  2.26232705]
[-4.12683748 -2.67963145 -4.35510919 -3.13507046  1.37770679  1.04996825
  3.9175896   7.25653059  3.44605403  3.13338881  3.6426182 ]
[ 1.87303816  0.72533345  0.54248088  2.48567662  0.80534414 -1.58261569
 -2.23920331 -3.93399826  3.22082545  2.72236795  1.41121737]
[ 3.43217407  0.92717006  3.12612094  3.61335168 -1.37246726  0.91121165
  0.35444163 -2.37788226  1.05340103 -2.47991859 -4.84794865]
[ 1.38172552  4.47892778  2.23277324  0.96247504  5.578156    1.07015693
 -2.16000777 -0.96953366 -0.66123277 -2.60039303  1.4235471 ]
[-0.1378697  -4.26174251  2.29833574  0.34204451  0.86907882  1.09418443
  1.53687332  0.75610996  0.46730605  4.02963021  0.51204628]
[-1.91594977 -5.43482687 -1.37205607 -2.99174388  1.16453167 -0.09367004
 -2.62853263  2.29378521  0.28598809 -3.87562496 -5.0527085 ]
[-1.62172693 -2.98230384 -1.5279932   1.23254781 -3.39945336 -2.28825971
 -5.47941702 -2.35490915 -2.17724135 -0.27797551 -0.81291991]
[-0.45169776  0.87229119  0.96863362 -0.17169122 -2.93889809  1.5121872
 -0.38534465 -0.48757004  0.17311252 -2.79982264 -3.27563869]
[-1.8876516   0.57805637  0.15014517  0.4341016   0.5916636   1.60354934
  1.40460906  2.02211197  0.36535628 -2.22704233 -0.75430588]
[ 0.39715157 -1.68951313 -3.25838376 -0.21809811 -3.69339896  0.87732645
 -3.49457556 -1.64449336 -4.63956598  1.18403224  1.37674251]
[-3.64799574 -1.88700496  2.25307015  1.90842058  5.27195095  4.67342407
  3.67137975 -3.04057965 -1.43323081  2.99258708  1.79815786]
[-4.56044954 -0.13797724  0.05792742 -0.76606275  5.13485511 -2.8650617
 -5.83309824 -5.23356357 -4.72476585 -4.52741111 -3.4083279 ]
[-3.88884407  3.3096244   1.78640991  2.19924558  5.46271544  3.75150426
 -1.79458142 -3.18098802  2.24988581  0.65860379 -2.39873607]
[-1.9488524   4.3839483   0.11576225  0.30179254 -4.37044863 -2.95202985
  2.96840857  2.63677701  2.23114986  4.42613832  2.99050418]
[-0.90987816 -2.44152872 -1.19385068 -6.6804282  -4.07832691 -2.94462425
 -1.03090018 -0.31215603 -3.28737649 -4.44298253 -0.06031389]
[ 0.24845131  1.45602571 -2.16403685 -1.53735363  1.25342635 -0.77753661
  2.24904604  1.46860915  1.95402717 -0.11603641 -3.10552397]
[-4.92307934  1.25358485  6.37450901  6.47288988  1.49955995  3.67257669
  1.13279991 -1.18581549 -1.70216236  5.00081393  0.56622242]
[-0.95796904 -6.14532255 -3.44440663 -0.55159956  3.27815107  1.54961126
  4.92851133  7.09690123  4.22382185  2.94442261  5.42396024]
[ 0.8966764  -3.18553786  1.45873485 -2.54959741 -4.75897906 -2.58653185
 -1.28671687 -3.53471296 -2.94856926 -0.40386938  1.03533744]
[ 0.54917925  0.01870181 -1.89250783 -3.545107   -3.03598162 -0.49908058
 -1.43894485  0.06915507 -2.64477436 -5.82097452 -4.15557812]
[-3.67619526 -4.15575599 -4.89464349 -5.32514965 -6.09721595 -4.47806509
 -3.46519845  2.96095769 -7.43439487  0.00889937 -1.33841339]
[ 2.71428218  0.61884657  3.18688887 -4.04720221  1.61732972 -0.31699837
 -0.46051207 -2.7151011  -2.42958431 -1.50609473  2.4247553 ]
[ 0.94437047 -3.95216713 -3.18350207 -1.73467896 -4.63416038 -2.35709869
 -0.3099523   1.30810832 -0.46502153 -4.83501644 -3.9157918 ]
[-4.79153839 -2.29407364 -4.19143194  2.60917249 -4.07856877  2.21528881
 -0.89828436  0.16961966 -2.48362873  3.01590284 -3.45935549]
[-2.08912066 -1.33646385 -0.13690078  0.53015446  0.14502775  0.16120066
 -3.26085676 -2.02032631  1.83816531  4.54683797  1.82385593]
[-0.5412639  -1.64091652 -3.56442803 -3.3116271  -0.93156707 -1.86663122
 -0.91188885 -0.4688432   1.33028251 -4.81813303 -1.44020147]
[-0.27990742  1.9866813   0.06635214 -1.60266881  3.19748156 -2.45642756
  0.40564826  1.58353874  1.22216364 -1.4461403   2.37474124]
[ 0.04953598  5.06180818  2.75277008 -1.01466986 -0.00821836 -3.25961654
  4.04468627  0.56071348 -1.22212916  0.4826789  -1.93056413]
[ 9.06308793  3.81485013  1.54402236  1.99929301  2.68350405  4.99437591
  5.44887168 -4.44177986  0.96591185 -2.10987802  2.53548543]
[ 0.90952084  3.38274208  0.53678794  1.97425797  0.35033671  1.70435794
 -0.93648568 -1.58504486  3.51373486 -0.46840853 -2.96881686]
[-3.12785947  0.30087804  7.23499864  5.38358998 -2.20887501  0.23735139
 -0.87081766  0.08673164 -5.70339716 -8.28070121 -0.54870427]
[ 4.58865074  0.29854223 -0.85072627  7.65198109 -0.59648789 -1.98169002
 -0.79307984 -1.80911188 -0.31793851  2.91564763  2.90262401]
[ 3.11218152 -0.32104839  4.54786734  2.28515682  4.43865065  6.013244
 -1.05077168 -2.35049847 -4.94757069 -6.49012674 -6.09197773]
[ 0.73463097 -0.98232534 -3.94067593 -3.29006091 -3.89824307 -6.09873684
 -7.3194344  -3.63912287 -3.23143547  0.85303726  3.18952383]
[ 0.20234609 -1.0529474  -1.95520566 -4.76648381  4.79167259 -1.48830521
  0.01356828 -0.37045678  0.70801538 -3.23153442 -1.68891786]
[ 0.17263873  3.38786112  5.48723724  2.43247494  3.56191822  1.93451322
 -4.85557776 -5.35672257  0.13812615 -3.35037239 -3.18269943]
[-0.19837187  0.51574509 -0.1018522   3.05984018 -1.28662331  2.40875789
  1.32144817 -2.1870368  -0.18193153  1.78401284 -0.93572618]
[-1.3696849   2.07309604  1.11622567  2.23282109 -0.87326298 -4.07351834
  1.1382304   2.51687769  5.14753318  0.94511615  1.55461218]
[-0.54764685  0.98560937  2.80277784  3.9456883   0.92413495  3.85438636
  2.57137753  3.93286761 -3.58388716 -7.96077588 -3.15351191]
[-2.80077599 -4.24942363 -1.26555788 -5.49565944 -2.86407662 -2.90384416
  0.94193275 -2.95737941  1.17213744 -2.40968841  1.17476468]
[-3.83535209 -3.50390823 -2.2762698  -2.81323172 -6.04419046 -7.81814751
 -2.36528739 -1.68756596 -3.03050611 -5.81589112 -3.32623184]
[ 5.52953856  1.98686378  0.46597335  2.13239197  4.17910918  1.00125306
 -0.68324035  3.12015381  0.72391322 -0.24453915  3.15561912]
[ 4.5634124   5.05704367  0.13971695  1.28780819 -1.87506842 -5.83340756
 -1.91217894 -4.13562011  0.27321827 -1.40560414  1.16173048]
[-3.29344502 -0.49310968 -2.9421207  -0.00769908  1.06552719  1.14750686
  0.67527403  0.35054783 -1.21183698 -4.46496707 -0.27586199]
[-3.23112308  1.76045825  5.60593754  6.51478997  5.38386134  3.44017381
 -0.31807846 -1.06457554 -3.07002823 -4.15255327 -1.17551354]
[ 3.2455853   0.22714379 -1.56264414  4.24631633  4.17234341  5.71794202
  4.25721144  3.96949834  1.34442933  0.59829678  2.80318538]
[-1.74542795 -5.06585376 -0.13262222 -0.25167874 -3.51617175 -3.728592
 -1.76272245  3.48871514  1.9026471   1.38721218 -3.81942683]
[ 1.41658414 -1.95230536  1.52927414 -2.34341225 -1.7143889  -3.53423393
  2.09110398  1.05973413 -0.84656843  1.02880556 -0.39392046]
[-0.8498893  -2.42118462  0.39728836 -5.20298308 -2.56451481  2.10507787
  3.41824882  1.7112223   2.8933296  -3.9342197   1.59643667]
[ 1.08531888 -0.20618801  5.12405046  0.57328527 -3.01788907  1.16033971
 -0.49604036  0.14092965  1.21556084  0.53651969  3.72072577]
[-0.53303067 -1.12402438 -3.72643694 -1.4187592  -2.22857397  2.46011701
  0.7358636  -2.42213349 -3.75735945 -3.54032753 -1.2924067 ]
[ 0.25451183  2.85897871  6.97948579  3.9049331   0.12408671 -0.68366913
  4.07228443  0.67907637  6.34867636  6.62442167  1.65751764]
[-0.04990674  2.16650614  2.64028396  0.88587627  3.56314732  1.76039762
  1.60165229 -5.93311163 -1.75363966 -1.07628487 -2.1690225 ]
[ 1.0800203   0.54408011  3.24485859  0.436229   -3.53291815 -0.22052703
 -0.094723    0.45366047 -0.5723621  -3.10916389 -1.73202834]
[ 0.68512166  2.4296384   1.36312046  5.33334991  3.51185535  4.15931043
  2.49242494  2.68632217  0.80527597  2.59686866 -0.55781811]
[-1.0140867  -0.01634163 -1.419015   -5.82344066 -6.13197479 -4.33073555
 -2.90883024 -2.13483166 -2.40838127  2.01945873 -1.42675112]
[-3.39918403 -0.74698824 -1.16505556 -1.21495518  0.03682987  1.96818127
  1.64687006  5.018248    6.36951323  1.30917247 -0.09187246]
[ 0.41167324 -0.12418451  1.45261803  0.72864275 -1.33569711 -2.33501264
 -0.63929928 -2.59242786 -0.84807313 -1.75054627 -3.76237828]
[-0.53884368  1.75919655  1.45769875  3.74572752 -1.87773991 -2.18100288
 -3.93107713 -3.9043235  -3.30787085 -2.32685701  0.82517503]
[ 1.60996618 -2.88401082 -5.91613066  0.94759185  2.25646535  0.80942233
  2.47148684  0.19732717 -0.15564486 -0.22315916  1.25101681]
[-2.17521439 -4.24641545 -1.26570831 -1.4415639   2.03242254 -0.00559203
  1.07780963 -0.34423884 -3.25070991 -0.58899697 -2.18667327]
[-1.23317145  0.22432645 -0.4184055   0.82572546  0.0168224  -0.80313885
 -1.68599787  2.01790469 -2.69107275 -2.26985761  0.07377997]
[ 5.76439864  5.84308078  1.88151002  0.91455519 -1.36723997  0.77852002
  3.24391353 -0.14433859  2.66506961 -0.53294773  3.15088599]
[-8.26085603 -9.16393392 -6.12519306 -2.27155117 -3.65446139 -2.29706723
 -3.11037844 -2.14740743 -2.38384354 -0.33372135 -0.01922534]
[-0.26264857 -3.31249267 -1.71560312 -1.12242898 -2.41591299  2.52876177
  2.01913363  2.57225324  2.72577194  1.4803994   0.18208545]
[ 1.33565305 -0.02010924 -3.45275825 -4.24637028 -1.18108333 -2.4543786
 -0.44927949 -2.2630487   4.13640301 -3.63488432  0.53531857]
[ 0.69525947  3.05936526 -2.77194349  0.18731612 -2.58213645 -1.10278562
  0.3705469  -4.56476423 -1.45425423 -0.8007869   0.51620368]
[-4.15568332 -7.80204972 -3.25677126 -2.64577303 -1.7232728   1.31782235
 -4.90789345 -3.96084924 -3.80559291 -8.02444694 -4.22112411]
[ 2.11065046 -1.05935852  1.98425832  0.03999091 -0.93416595 -1.640468
  0.11845987  2.51337872  3.19636911  3.55651541 -1.4202789 ]
[ 0.4318473   2.00380801  4.25373614  4.13109662  1.23606441  0.1359793
 -1.21716955  0.36785223  0.3138596  -3.02736655  0.06375728]
[-0.07590756 -3.73190974 -5.3771528  -3.92799396  2.71079874  2.60689787
 -0.04254435 -0.58831965  1.72498501  0.08999319  0.32973279]
[-5.16256367 -3.63413361 -0.49490101 -3.11792048 -8.37946515 -7.08493895
 -3.69331501 -0.83480973 -2.04288739  1.08056057 -5.13609202]
[-1.34086496 -1.53252581  4.46146883 -1.4441998  -4.75798607 -1.44409643
 -2.75830108 -6.76637876 -5.7282148  -3.00797206 -2.13476942]
[ 4.99570517  3.32446778  6.15241106  3.5808471   0.31063367  3.73088673
  0.33913171  4.42133123  6.26236315  5.25368545  4.62368362]
[-1.91448474 -5.09930134 -0.72091712  2.51191755  2.22703482  0.64959449
  1.72575743 -2.34264169  2.75771491  0.8884435  -5.75187279]
[ 1.47253489  0.69154352 -3.07448367  3.6229016   5.83673786  5.27237216
  4.28196743  6.35106148  2.56810431  0.58456089  1.63242106]
[-1.03632722  0.16649822 -0.69911931 -3.66733034 -1.83879525 -3.31688989
 -4.5310559   2.40119901  1.86078821  4.34108136  2.93692361]
[ 2.34125564  4.26408052 -1.42396487 -3.2540618   1.96296816  3.80479852
 -2.64552316 -2.65206353 -3.34428401 -1.16716778 -3.18706659]
[ 3.54896574 -0.18228294  6.021956    0.73024547  8.4837266   2.51174735
  3.17462664  1.31639816  0.85386305  2.53214083  1.0892623 ]
[-6.41038654 -5.55376143 -3.60504917 -1.99096666 -0.68805008  0.5133979
  0.89378172  0.90595634  2.75490252  7.64394244  2.15830191]
[ 1.77858193  0.22466217  3.55182625  8.43501126  0.24030356 -2.36445436
 -0.12677595  6.59771545  2.18953202 -0.24333196 -2.09745747]
[-2.13015921 -3.76681969  2.02929753 -2.77364202  0.48427054  0.49395153
 -3.01525276  0.93308634 -3.71587467 -5.55266177 -3.2770301 ]
[ 3.75814877 -1.20348263 -0.93239654  1.18351697  2.52190272  3.00812938
  7.65514887 -2.52857078  2.17884164  5.7965154  -0.07549349]
[-2.08484393  1.06411838 -4.00971615  3.64668264 -0.7774166  -1.9980156
 -3.15134153 -3.06802415  0.75251285  0.78366235 -0.18013785]
