[ 1.44515036  5.37314491  4.26193756  2.8196632   2.2036333   1.5036004
 -0.43817598  3.65734819  0.60263075  3.892906    1.91133227]
[ 3.96716883  4.13378108  3.85484124  3.10220157  3.51083726  3.85770009
  3.94555475  2.05390794  2.55265758  2.1754641   2.15388942]
[-3.13123271 -2.2207771  -0.72651555 -4.71717425 -1.80557392 -2.13206899
 -3.97534041 -3.63654099 -3.14579799  0.39269316 -3.10856303]
[ 0.9034009  -1.05065876 -1.9390678  -3.58195304 -0.88802184 -1.68579371
  2.39610292  0.78442503 -1.62228202 -2.91963298 -2.30005426]
[-2.02273415 -3.20586153 -1.47301705 -5.58401176 -0.20320044 -4.84784813
 -3.37322791 -2.3503683  -1.51718188 -0.7851574  -1.70952026]
[ 0.68203515  1.41530683 -0.65346418  1.88328447 -0.33678286 -3.95307768
 -2.6454024   2.03380098 -0.08310419  2.57693721  1.19796052]
[ 0.89777875  6.33739141  3.65530728  3.09710752  5.20594773  4.06543375
  3.39038416  1.49714812 -0.76966895  1.21499677  3.84209493]
[ 4.30235818  4.15461812  7.19185467  2.93946871  1.26487612  3.58884761
  4.50483615  4.32275093  7.38518087  4.90099538  6.65174572]
[ 0.12246065  1.95601981  1.57511539  0.20489654 -0.30789226  3.55959289
 -1.98184241  4.60494806 -1.13168793  0.12000001  1.3829644 ]
[-0.67933535 -1.09081029 -1.61550231 -2.8935725  -5.0230352  -5.82079796
 -6.55019898 -5.25186291 -5.51538062  1.53431254 -4.54531215]
[-4.66224816 -4.85739269 -0.88308993 -3.10370441  0.08681355 -1.96791995
 -6.87398357 -2.73461413 -6.54994143 -3.50640831 -5.70794032]
[ 2.37067769  1.2193361   2.36415186  5.33848159  1.75052944  2.40206349
  3.71270721  3.81681012  2.82221266  5.69513944  2.72912649]
[ 1.31605587  1.80168152  2.48482644  3.44672356  2.05918813  3.27557488
  0.84429454 -1.58558797  2.73938752 -1.05407351  3.64268968]
[ 0.49140159  0.3580444   0.67392948 -0.15775229 -0.32047047 -1.04068204
 -0.59667792  1.96672385 -2.16960012 -0.8904832  -2.647079  ]
[-2.50450096 -0.27766423 -2.31617162 -2.13940503 -3.65240438 -2.8545858
  0.6694835  -4.56307552 -3.58960809 -5.96032232 -1.81291143]
[ 2.1773898   5.3658444   3.63071152  5.28814579  2.86312786  2.84970227
  3.1185969   6.68109122  3.70434789  4.45075961  2.15690029]
[ 7.56157162  3.87808324  2.19553673  3.67876872  2.80548231  3.11164616
  4.88182179  2.51371102  4.49257409  2.93773257  1.99145946]
[-1.05707371 -0.22648097 -5.0580396  -1.05632687 -4.14890305 -3.27664741
 -3.67939043 -4.05516132 -4.16900197 -5.66042893 -2.20495798]
[-0.80674843 -1.1451182  -0.06437504 -0.77294849 -0.37481737 -1.03384234
  1.02534235  2.48452297  0.12425754  1.29699813  3.37911641]
[-1.34519402 -0.72457219 -2.04402887 -2.28332016 -3.36434919 -0.66942129
 -0.7526795  -0.14840596  0.54514004 -0.35696162 -1.73879086]
[ 2.75833853  1.26198707  3.315046    0.23818399 -0.00526539  0.7095949
  3.34629586  4.04560969  1.12353396  3.41552825 -1.75173324]
[ 1.20721337  3.93002308  2.53606101  2.65380331  0.37530891 -0.2594831
 -0.60917188  1.905658    5.43765868  2.05910363  0.67661707]
[-0.96482299 -2.93727248 -1.11142689  0.35455019 -1.05143433 -0.37621186
 -0.92487611 -0.67856078 -2.86315243 -1.63474857 -4.0538123 ]
[-2.60264858 -9.32725789 -1.35877121 -6.61206968 -5.88495742 -4.65888326
 -5.96733436 -5.28444514 -3.26799295 -5.06113389 -4.82695825]
[-2.42810396 -1.38930493 -1.59357117 -0.10363533  2.7596962   0.61211804
 -1.69153983  0.05960109 -4.08004837  1.55323116 -2.7445278 ]
[-2.3809122  -4.32013606 -4.67629267 -2.97046916 -2.21627163 -0.80894134
 -3.60214187 -8.24017901 -3.40715046 -3.82184498 -2.5539953 ]
[-1.52277864 -0.53335008 -2.26602696 -2.48897067 -1.56292801 -3.47881931
 -2.83863589 -2.95114692  1.70799181 -0.95591124 -2.82093328]
[ 2.925049   -1.73591644  1.45805035 -3.01803183 -0.22997311  1.33072631
  1.47013436 -1.94313187 -1.31744273  4.72726881  0.76680303]
[-0.50525854 -2.09756902  4.05860867  3.37670584  2.53787193  4.2317211
  2.47396887  0.74793619  3.22895259  0.58481458  4.2501749 ]
[-2.06478612 -3.08472345 -0.87003477 -5.88836388 -5.98483496 -1.73247674
 -3.69932909 -4.35578901 -3.01320939 -4.68756698 -5.38360641]
[-4.55536483 -5.66928476 -0.82241934 -2.72547315  0.91391978 -1.83881808
 -0.59927022 -1.13448261 -3.21917378 -3.86179934 -2.81680934]
[ 2.92227151  4.8568674   2.83710054  3.79718546  5.38420576  4.38863351
  1.42745178  3.56102517  0.09660434  4.90727953  6.23682636]
[-2.01627353 -1.66824901 -0.95336857 -2.74139882 -1.05021199 -3.79066137
 -2.50787679 -1.12465023 -0.92758098 -1.84155468 -4.34725683]
[-10.89111228 -12.72984835  -8.7441762  -10.07125884 -11.48930339
 -10.43279373 -11.30587497 -10.22804165  -9.56856    -14.8216788
  -9.12421239]
[-5.76139644 -0.78946503 -2.76357028 -0.81703576 -2.81376767 -4.35846796
 -0.93275494 -1.42329758 -2.71197    -1.44128674 -6.55472457]
[ 0.50575704 -2.00681719 -1.03520188 -1.91127654  0.98482945  2.75900232
 -2.22594235  0.62101191 -0.58463949 -1.80856246 -2.7284074 ]
[ 2.07822722 -0.54397563  2.62854402  0.02578895  1.00019042  1.99974623
  2.36307151  1.04532469  4.18701487  3.34747334  1.98647677]
[ 4.35063065  6.72261623  2.18395383  0.1225135   5.16257129  5.76952065
 -1.77917304  2.01232363  3.62953938  1.84577718  3.42838853]
[-1.40658934 -0.02875114 -3.09278206 -1.23211575 -2.02672527 -1.57675433
 -1.90793009 -0.24004081 -2.84161949 -1.12113011 -2.55957927]
[-3.61444937 -1.50943608 -2.96096193 -1.35134736 -0.76225323 -2.79149048
 -2.97646005 -2.58589214 -2.47231077 -0.15941117 -2.52024966]
[-0.05869147  4.38120507  2.59776684  0.46681757  1.55318477  0.6194937
  1.2048443   0.79893198  1.44244959 -0.71648617  4.54660128]
[-6.97133095 -1.55576049 -3.8212415  -3.36050958 -6.01586893 -1.04421409
 -2.00797035 -4.32169412 -1.5181131  -3.5197414  -2.79950778]
[-3.59889114 -6.13363782 -1.12369558 -6.4258457  -5.7150322  -5.68109575
 -3.05383676 -2.41811777 -4.83146477 -7.71162906 -1.13070296]
[-5.17364782  1.95293356  0.7700063  -2.19277652 -0.98521777  1.54694111
 -3.22755662  0.13872288 -1.57181362  1.12593779 -2.75860366]
[ 1.10961302  0.51256688 -2.50945633 -0.28886231  1.40059898 -2.44313938
  1.35627779  0.03732756 -0.39791378  0.58931023  1.1000634 ]
[ 0.43322661 -1.19503127  1.12491075 -1.21998423  1.7804763   0.45020134
  0.23075942 -0.86051513 -1.73170317  2.22990892 -1.02972021]
[-3.59753074 -1.84255181 -3.44736284 -1.49861042 -6.09268243 -7.4085917
 -4.78085949 -6.4465025  -6.3380692  -5.50965695 -6.65346771]
[ 2.61218054  1.96916342  0.1025461  -3.21710918  0.14032643 -0.24253182
  1.292688   -1.39861508  0.94531013 -1.57088048  0.65374176]
[-2.08680424 -2.91143231 -3.129306   -5.68190196 -5.41450221 -4.47088442
 -2.04630485 -3.70968244 -4.70470855 -3.59303037 -5.27285505]
[ 2.85687031  0.86316857  3.44182978  4.76127892  3.19057204 -1.98074756
  3.83807076  3.50801972  4.2340741   1.1903985   5.9963446 ]
[ -1.16249411e+00  -1.35178780e+00  -1.63100408e+00  -2.58841360e+00
  -3.43805696e+00  -2.68952051e+00   2.34683438e-04  -2.89999991e+00
  -2.99449829e+00  -4.98432434e+00  -4.80777950e+00]
[ -9.95916548e-01   2.52730344e+00   3.45172711e+00   2.28730532e+00
   4.50219419e+00   2.47981240e+00  -1.55682627e-01   3.57684476e-01
   1.03876231e+00   8.68038755e-01   4.31281524e-05]
[-3.38992969 -0.15461787 -3.47304958  2.26737223 -1.1450669  -2.67263162
 -0.99031858 -2.09897034 -2.24766797 -1.04095904 -3.34045377]
[-3.38053542 -4.31546162 -0.8276441  -0.27527356 -7.31947316 -2.31248932
 -3.06939056 -4.93165123 -3.47341406 -3.6624364  -5.48898883]
[ 2.87912242 -0.43551834 -4.53179606  0.20846168  0.25489461 -1.30557305
  0.2760653  -2.08511489 -0.4702123  -0.01884449 -0.99563242]
[-1.02464183  2.79100443 -0.19304805  0.32920319 -1.22025486  0.67989124
 -0.94852467  0.15090349  1.39543596 -0.76880128 -1.21876417]
[ 1.53908118 -2.86142768 -2.0372851  -5.59402596 -3.51828698 -1.51869713
  0.21839429 -3.40057177 -2.14406094  1.14881182  0.97639495]
[-2.30563756 -0.78844012  1.98006332  0.70793698  3.51389833  0.67145125
  1.21067167  4.74265673  2.1848768   3.86241859 -1.50852017]
[-2.11329354  0.16002848  0.09270033  2.54704227 -0.54734259  2.3703342
  2.47079524 -0.95647806 -0.10454914  1.7532744   3.30301814]
[ 2.70738977  0.35288445  0.63891605  2.53559208  1.81867693  3.48768317
  2.90452072  2.946688    5.05628196  3.43478818  2.60918612]
[ 2.03724601 -0.63400924  0.48335764 -3.47930881 -2.45711933  1.20916534
 -2.47883148 -0.39467931  0.24912581  0.35930775  0.02369871]
[-0.2868922   0.31061956  0.39132015 -1.87445286  1.92399522 -1.01938868
 -1.35728991 -1.51605265 -1.22056531 -1.37294573 -0.22736968]
[-1.42092107 -1.82848383 -2.80052772  1.49020033 -0.68235954  0.6542863
  2.4102557   0.0671084   0.64564387  0.53343878 -0.32926307]
[ 0.86131053  5.07766306 -0.35887009  4.11539974  2.10571848  5.94577171
  3.96641759  1.0577351   1.69655044  2.45177281  4.0975766 ]
[-2.43925283 -4.80778667 -5.66485398 -4.27840575 -3.63186976 -4.24209421
 -3.9660311  -4.00339818  0.88951609 -2.87613788 -1.83936348]
[ 1.08442317  0.8413313   6.0785175   4.27502228  3.53860745  4.60769454
  0.77218458  1.93031339  0.76753385  1.14969946  2.04814772]
[ 4.89495757  6.54577771  5.07452348  4.62586776  4.57599313  5.97797786
  7.47003274  6.77273006  5.30968874  5.27763876  4.99793654]
[-0.98237612 -1.86825707  0.27371606 -2.0808835  -0.54692235 -0.13374911
 -2.84176061  1.69215626 -1.03530995 -2.32807458 -0.92061901]
[-5.03857398 -1.80124058 -0.88059261 -2.36360952 -0.07287745 -2.51981448
 -1.14770711 -4.31500973 -1.9969715  -2.39397044 -0.03370869]
[-0.59535462 -0.33814663 -1.94448359 -1.16405178  1.41609812 -2.7135741
 -1.13153951 -0.06349928  2.55616914  0.53991324  0.77969798]
[ 2.82757715  5.24108361  1.9806754   1.93868217  2.23992833  4.83194492
  3.65779138  4.73221829  0.54406279 -0.07314239  3.42507078]
[ -1.47403387e+00  -3.11592604e+00   2.11410207e+00   2.28405755e-03
   2.05295442e+00  -4.99534525e-01   2.36677504e+00  -1.35872313e+00
   6.09691961e-01  -2.82050946e+00   1.29467941e+00]
[ 1.99883564  2.85092128  1.93428803  2.78147002  4.10311232  2.82380978
  5.24275436  0.89533541  2.90700563  3.57665856  2.66459521]
[-0.84956191 -2.10419789 -3.01347628 -0.57260075 -3.0177715  -3.46892049
 -1.95406098 -3.79662382  1.41202267 -1.55222963 -2.11748163]
[ 5.83023948  8.74944009  5.4100638   7.16050406  3.68137431  4.96034855
  4.05537762  5.55936295  5.81283425  4.44702476  4.03373839]
[ 5.0689896   1.47356277  3.71830184  5.77610845  5.39337235  5.28600951
  6.12573898  4.43650493  5.47521329  2.00472383  2.32537841]
[-0.68956128 -0.81381017 -1.33058046 -4.11405579 -1.02203514  0.30381041
 -0.34246735  1.87501353 -0.71607419 -1.37399355 -2.81496158]
[-0.86553715  1.64739002 -1.01314328  0.6054876   0.61138784  3.97056783
  3.08129639  2.03633378  2.97598364 -1.46454289  1.31614037]
[ 0.86685148  2.88770027  6.04561156  1.06957247  2.27561661  5.00723761
  3.97236412 -0.57292646  3.02054552  6.49363986  1.8148041 ]
[-0.25482768 -0.79831403  0.01610608 -1.6733143   1.60462136  1.53579308
 -0.52076146 -0.44755939 -3.38853171 -0.89222942 -1.5008746 ]
[-1.51438929 -1.28422287 -0.89605448 -3.40406886  0.63041801 -4.66403001
 -5.4864311  -1.06494046 -2.78601153 -1.94958247 -4.74970138]
[-0.45436801 -0.91223554 -1.40415599 -3.1012837  -1.87363059 -2.23252298
 -2.74502081 -1.71103655 -1.74004276 -3.3729349  -1.64468725]
[ 0.15871184 -2.24976706 -0.64405976 -0.57721024  1.47456667 -2.4847426
  2.4501051  -2.55862186  0.63169525  0.90277917 -2.36292535]
[ 2.38367599  1.79462579  2.05110041  2.63209178  2.41789835  0.1832154
  2.47764099  1.96513724 -1.03478493  2.48918666  1.51536177]
[-0.13480503  1.61732825  0.80411789  1.19290285 -2.38728856  1.04982636
 -0.45461063 -1.99831984  2.03895824 -2.33182589 -4.4598352 ]
[-0.29261791  3.1875828  -1.25753685 -1.33118676 -0.73485306 -0.29725177
 -0.52968199  1.24665718  1.20435085  0.32468857  0.01046375]
[-0.7210815  -1.25362214 -1.10475027 -1.08284727 -1.91520895 -1.39207697
 -0.27218283 -1.57545623  0.55823774 -3.14340651 -1.4081505 ]
[-2.37170752 -0.04848464  1.37106838 -1.26983532 -1.90395444 -2.50280985
 -1.67303253  0.09435322 -2.30671685 -1.02772337  2.14569669]
[ 0.75991725  1.16513293  5.38599004 -0.43330679 -1.38637322  0.49963259
 -2.32006652 -3.06319046 -0.06681261 -0.28460025  2.14474381]
[ -4.28379525  -9.55501909  -5.03196159 -10.62775576  -8.22604232
  -8.9063593   -5.13669828 -10.0249522   -6.60879824 -13.58940616
  -7.60474172]
[-1.92154022  0.56146914 -2.25906079 -1.99017398 -2.69840835 -0.58668565
 -1.41531252 -5.62499519  1.70721168 -2.74943431 -2.78147625]
[ 0.41719554  3.41889843  7.16128641  6.56614467  4.64946631  3.78780566
  5.97997698 -0.74675289  0.16416347  7.04359207  2.16491029]
[-0.78983147  0.97381054  0.51761673 -0.55869646  1.55428297  1.22322839
  1.62668847  0.80683895  3.42395465  0.51195394  3.29773365]
[-2.20716096 -0.61509922  1.26671884  0.55481874 -1.21993128  0.59359065
  1.87298028 -0.40227638  2.5757848   0.07868858 -0.27667812]
[ 2.52871347  5.56966392  2.33172912  5.83498267  1.02758952  1.63628818
  3.73266845  2.19636598  4.5214673   1.75340688  3.20874263]
[ 0.07457481 -0.35476003 -2.85893475  1.75306691 -4.0774721  -0.59419797
  0.72632543 -1.3726909  -4.01844157 -1.94986225 -1.76633694]
[ 1.33061837  2.35491462 -0.43192009  2.75083122  2.80413135  1.62304099
 -0.7514762  -0.07950194  1.76556808 -0.18252842  3.01869826]
[ 0.53667654  4.63759107 -0.00645747  2.90083407  1.95595753  2.99569759
 -0.30775579  2.42961926  4.73597032  3.68693763  1.69669385]
[ 0.93507535  0.59775719 -1.08601042 -1.64136295  1.02658803  2.66642971
  1.32389291 -0.45376628 -0.04400269  3.16220069  1.07572234]
[ 1.87708674 -0.15424504 -0.38931606 -1.00053704  0.74964553 -0.14878827
 -6.60213485 -3.318169   -1.76166773  2.2261608   1.26076629]
