[ 1.8420774   6.76633361  1.35975359  1.71438197  0.41207177  0.97748043
  1.35319875 -3.6142205  -4.02694857  1.74226865 -1.09919982]
[-0.64203773  3.43233974  5.78724406  6.47218245  1.69352888 -0.99391143
 -0.39685287  4.61942011  3.98369518 -1.59335384 -3.6157964 ]
[-2.53472451 -2.58495901 -2.48846613 -1.98838041 -0.38967936  1.00383542
  5.49066964 -4.33596541  1.56890709 -4.30837478  2.07824343]
[-1.51684971 -7.08128087 -2.98047088 -0.93522249 -0.09636088  2.59072396
 -3.61789612 -4.82167324 -1.94821778 -2.54569867 -3.46906808]
[-4.78453195 -6.62250306  0.37548165  2.31335253  2.17423947 -3.25804758
  0.7626715   0.02482028  1.17886816 -0.71420974  2.29022836]
[-3.55112412  0.35449133 -0.08218057 -0.86108213 -1.34092457  1.84770468
  1.04107907  1.57497388  2.72256341  0.36235943  1.64040312]
[-6.63244717 -0.52598312  3.7998185   2.73026649 -6.24758271 -0.40029477
  0.7164822  -3.18667201 -2.31489474  0.72380451  5.53105244]
[ 2.96961466  2.22780788  0.03068038 -1.45662288 -5.04066227 -4.63288566
 -4.57981355  0.66440325  4.41543669  6.08341404  4.51455699]
[ 4.51929712  3.13423411  1.535856   -0.58450295 -5.15691245  2.42076438
  1.58383881  1.32840089  0.14063361  2.23308415  3.24275521]
[ 2.18739646 -2.70306656  1.88654705 -1.8942111  -4.50516214 -6.70022893
 -2.15228739  5.16119437  1.3586147  -2.97583554 -0.73947092]
[ 1.86939503  0.85894345  0.4082591  -1.22787196 -0.63321728  0.19443246
 -2.78266612  1.98564846 -1.28900691  0.93119249 -3.31480294]
[-1.51226549  3.52239569  1.71532176  5.26746678  2.64919255  6.62666109
  0.16692595  0.486709   -1.19565943 -3.1337225  -0.05737138]
[-1.84890794  0.78202206 -1.57699741 -4.17621342 -1.65682322 -5.86428366
  0.03119945  5.90177641  4.14375209  8.76151582  4.7531035 ]
[-4.71793019 -1.16954479 -0.38984816 -1.38992715 -5.36948442 -2.82662863
 -2.55077744 -3.35775222  5.12723986  0.59529236  0.3356111 ]
[-1.31731433  1.82638197  0.89995436 -2.05627109 -2.35184835 -3.17407377
 -4.20406781 -1.73410349 -1.52752331 -2.77317946 -1.59008072]
[ 1.34699379 -0.23146477 -0.72970606 -2.81330476 -0.86628771  2.96243553
 -1.46670167  0.14015193 -1.50850562  0.2281273   0.76184638]
[ 2.35959348  7.92584061 -0.74406759 -8.49985059 -7.50138295 -1.35236827
 -3.61210429 -3.88459798 -4.71601061  0.01539132 -1.119177  ]
[-2.53023143 -3.10352922 -1.82471842  2.96258463 -3.42985298  4.27705864
  2.26791456 -3.11681357  1.1190673  -3.12423237 -0.9860819 ]
[ -5.78467997e+00   1.24195468e-04  -3.16301789e+00   6.13801024e-01
  -2.34917497e-01   1.45636894e+00  -9.10228136e-01  -7.05686360e-01
  -1.03789590e+00  -2.84566627e+00   3.04399905e+00]
[ 0.98626531  0.55035226 -1.00244117  0.00425797 -0.3571012   1.34944399
  4.13460927 -1.62785651 -3.51513571 -2.9941091  -0.31197622]
[ 2.96662595  4.30799924 -2.04477531  7.07816463 -3.01447131 -0.90124171
 -0.83440399 -0.11979632 -0.71213211 -1.43685143  2.83819155]
[ 1.87656102 -0.7390774   0.48801679 -0.43726106  0.78424663 -0.07657223
  3.40727307  0.482159    2.8794617  -0.27471614 -0.0778981 ]
[ 2.0582093   0.48085928  0.96623147 -1.61777116 -1.23261727 -3.79876814
 -2.92593058  2.03425814  2.80558815  4.02336249  2.34792187]
[ 2.19054828 -3.75068785 -3.32466336 -4.17972561 -3.24540313 -5.67917238
 -3.25599567 -0.14301685 -1.2131716  -1.60940939 -0.97633483]
[ 0.08719205  2.50960644  3.90031363  2.31205482  3.20274985  0.84153006
  1.40275029  3.89158034 -0.21957835  1.74564297 -3.09655514]
[-0.57031658 -3.70935968  0.90071276  1.90251714  2.75053744  2.45165886
  1.25069412 -4.96697007 -5.3602196  -2.07744978 -1.04986056]
[ 1.81371152  1.38412841  6.44464296 -0.63241116 -0.85432263 -4.36857279
 -3.60757131 -3.77717085  4.4634362   4.92444447  6.88483627]
[-8.09810772 -1.16180144  2.60135882  8.06007515  7.97393801  4.03027036
  0.66152982  4.20053222  0.2945528  -3.34573006 -2.94392494]
[-1.57487345  1.77260787 -2.65895044 -1.30832329 -2.32427599 -0.43251821
 -1.47661805  1.57533324 -0.45973053  0.09577023  4.7914528 ]
[-4.32592449 -2.35884291 -3.10100492  0.94727262  3.74932371  1.52859568
  4.19374445  0.45068731 -3.3700772  -4.64558194  0.07235659]
[-3.22683763 -2.6402133   0.75812459 -0.4788833  -1.35282026  1.8693976
  2.16386554 -1.2220802  -4.32485523 -0.27162822 -1.70606963]
[ 3.9256822   3.77989855 -0.49901387  1.24519489  6.10797004 -2.32356419
 -3.77205569  0.21836435 -1.86217793 -3.13165303 -2.13807818]
[ 0.5409955   1.7066201  -1.34498119 -2.88803507 -2.6464558  -4.56857901
 -3.7864735  -5.74376369  0.43417573  1.4590739   4.5551942 ]
[-4.40856333 -4.39569067 -2.57443985 -3.16478259 -2.9525336   3.36648502
  0.3504738   4.64818833  4.06684936 -1.31002471  0.61773286]
[ 1.36651086 -0.45682259  4.87706879  0.09787389  4.22174004  5.40041986
 -2.39064515 -6.12746346 -2.57114976  2.13285732  1.09604085]
[-4.21668661  0.67713056  1.7863803   2.20938486 -1.37671271 -2.16474255
 -2.82343083  0.10055746 -2.23167156 -3.19561671 -3.5535242 ]
[ 6.8766563   4.57962784  4.74243563  5.13856184 -2.52758247 -7.10825675
 -5.37600336  2.25232115  3.76568486 -0.31621971  0.57998376]
[-4.24840152 -5.08018648 -6.12439088  2.31729457 -0.46217766  1.01930152
 -2.7576528   4.71812405 -2.82864787  0.84883461  1.765802  ]
[ 0.91764055 -3.79864417 -3.70981212 -2.99791788 -4.3050282   4.5754276
  8.67631111 -0.19302925 -2.44257114 -0.66821488  5.65898716]
[-1.5221615   0.98230321  4.0638017   5.40957924  5.77488042  5.24729101
  3.64118501 -4.16620609 -0.60696638  1.62939313  0.63843348]
[ 4.11172924 -5.10035623 -2.88984787  1.5236552  -1.95372529  2.15683869
 -0.17492049 -2.2922578  -0.8603403  -2.1986006  -4.56918016]
[ 6.79856571  0.34869436 -2.73701951 -0.64950483  2.42484618 -0.50254492
 -1.44497656 -0.39562294 -6.07459027 -3.36348023 -5.30543985]
[-2.87914658 -1.05847791 -0.14738947  1.11896801 -3.31210826  0.09416143
  1.11672607  4.65974525 -1.70511618 -2.40144274 -6.35594339]
[ 3.04985194 -1.74181731 -0.28480129 -1.73752686  5.06124828 -0.50169834
  3.78881265  0.1353556  -1.74367815 -4.3780043   2.03170349]
[ 1.7897109  -0.90669256  3.36981934  0.77474429 -2.19210264 -2.21643648
 -2.14855146 -2.15484507  2.38688518  2.41910244 -1.28525265]
[ 0.38426321  7.07135559 -1.2977405   1.89983904 -2.30692182 -0.06731334
  0.14408609  2.83497422  6.3408447   0.52201055  4.11794386]
[-4.57033126 -2.38374971 -0.34697815 -2.74128143 -0.4716598  -3.12140419
  0.11788635 -1.31111493  1.91743793 -1.54488328 -2.02792126]
[ 2.30004938  2.57933518 -3.40845575  0.28156337  4.42777717 -0.36316364
 -2.42796858 -0.66720043  0.271306    3.41022859  3.07386532]
[ 5.99237823  2.82745808 -1.03535007 -0.9942406   2.91731777  3.10881464
  4.88234241  5.13619898  5.47862566  4.14696841  4.50607139]
[ 5.76098053  7.5095857   2.15917135  0.61162649  4.69336739  2.39551847
 -1.08217824 -0.44287492  1.61493844  2.04049399 -0.99799979]
[ 1.18017501  4.0191577   3.72609185 -1.55182528 -0.79230975 -1.70829093
 -2.63457782 -1.33529616  3.01134007 -1.01588966 -4.48221948]
[-3.15175668 -0.86863057  0.45047988  2.64163533  4.63786019  0.5456971
 -4.0147689  -7.51619221 -3.71306813 -0.10170848  2.47514121]
[-1.07324858 -1.41852828  0.57932807  0.42007146  1.04252519  2.07212629
  0.13011281 -1.59018744  3.68513676  4.46545783  3.06947486]
[ -2.59398471   2.22721957   0.08231805  -0.3345615    0.55560078
   5.65778982   3.09585313  -0.48089791   5.55040275  10.48184617
   3.00274609]
[-7.21415305 -7.15181773 -4.79192957 -2.81423847 -0.01068909  1.44151482
  1.28718629  0.15618747  1.89019164  2.93076619  4.84955812]
[ 5.11510172  2.57439259  6.30302565  0.29840305 -0.41274457 -6.88475101
 -2.67902886  0.10568149 -0.8347774   3.66373231 -2.97284452]
[ 7.69031064  0.54110231 -2.95854409  4.5468547   0.58916085  0.86024856
  6.82255788  3.18284027  2.55633973  2.08847394  6.35335868]
[-0.08234619 -2.16590527 -1.08103785 -0.41942226  3.47368232  3.69457708
  0.30832116 -2.44400941  1.78534901  3.07779993  2.33425101]
[ 1.32238845  5.57316908  6.17716369  4.81820544  0.12383909  2.53092915
 -2.68710637  2.99259921  3.98602593  1.40849392 -3.22189633]
[ 0.13711863  1.02636967  2.38148626 -6.31882127  2.67682056  3.32694167
 -4.96803414 -2.43150136 -3.12349731  0.23255968 -4.06141359]
[ 0.10930139  0.29745598  0.53529435 -0.30978238  1.32708884 -5.49420998
 -4.43763638 -1.90528704  1.06745629 -8.71273098 -0.01645513]
[-4.56667393 -3.92470882 -3.08669711 -6.12352376 -1.23355111  1.2781063
 -0.85960539  0.67868835 -4.08029918  0.81095155 -4.83548368]
[ 4.43213167  4.05781738  2.54247667 -1.78642978  0.6018281  -3.60549482
 -3.33575294 -3.79544143  0.47559401 -0.66664532  1.75986646]
[ 3.70115979  1.91301663  2.18160433  0.26811468 -4.5684546   1.24079397
  0.82776405  1.55673612  6.41260681  9.7992461   0.41999568]
[ 3.51572924 -1.79180873 -4.79321318 -2.62866212 -1.35607914 -5.56121924
 -6.32353006 -2.75977085  0.30202851 -3.43256357 -5.99579269]
[-1.40033687  0.93167953 -4.47801561 -4.12892154 -1.51989857 -0.25297102
 -1.50296072 -3.43471688 -1.64264187  0.47070052  2.99612721]
[-4.32505642 -2.05957679 -1.84177973 -2.93761659 -0.92194678  4.66169528
  1.21880235 -0.58830012  3.67862994  4.87475579  4.54733545]
[  1.15630332   3.96867785  -2.72703086  -5.25199361 -10.28212091
  -1.54587138   0.78065489  -0.07055217   1.72448682  -2.90675557
  -1.70311903]
[ 3.65298431  4.74669146  3.75824755  2.54048062  4.45277174  3.28086974
  1.6562966   0.53038344  3.65258878 -4.54692156 -6.46248275]
[-1.98902008 -6.1145279  -2.46613258 -0.55058063  1.45924783  4.26841546
 -2.6737889  -5.28550629  1.71908169  0.30957603  1.7205997 ]
[ 3.45098797  0.11283652 -0.2018421  -3.02628691  0.00359125  0.30679511
 -1.8129715  -2.01738161  0.84675781  0.31822865  3.3934897 ]
[ 0.10944575 -2.83134396 -7.57786047  1.61745986 -0.90004851  2.68274611
 -1.88539633 -7.18431589 -5.12562522  2.38700813  6.17901164]
[ 2.77797837  4.28229437  2.26544843  2.63960383  1.06781081 -2.18529932
  1.85076469 -2.12958708 -1.60500059 -2.90543592  3.6814199 ]
[-0.69565327  0.92835572 -3.3516772  -8.05454527 -0.57604146 -0.6978873
  0.46810589  2.46709049 -0.83760558  1.18263099 -0.41088323]
[ 3.13041437  2.60515979  2.94659797 -0.27136166 -1.09597045  2.23234345
 -2.08432894  1.24172221  3.40383368  0.86887184  4.5370866 ]
[-5.4540904   0.64635979  0.27700969 -2.47880413 -0.83646879  3.44695425
 -2.08632436  0.9903532   1.03218783  4.11027998  0.29139347]
[ 3.79169858  4.71595316  0.13028962  0.30269015 -1.80865475  4.15837125
 -0.30402622 -1.32115476  4.08840145  2.32053062 -0.27584   ]
[ 0.52600292 -1.78217053  2.75558985  2.17324708  0.54002115 -1.24344859
 -0.72692787 -0.64584356 -1.44120473  3.23559801  0.03894935]
[-1.19981236 -0.29801165 -1.0709736   1.72470717  5.11067935 -2.04120953
  0.87598068  5.3631976   3.25896256  1.75592479  3.78445049]
[ 1.08228089 -5.19018538 -6.65792382 -2.94598077  0.21657     3.1592702
  0.51992464 -3.73245811 -3.15742212  4.92370222  2.56971117]
[ 2.07399858 -1.35836303  1.59705963 -0.69146161 -0.49148298  3.56703316
  4.16465109  2.22323797  4.66095552 -1.38806233 -4.78467153]
[-3.60111005 -5.18122724 -4.82624001  1.49480491  0.87490702  1.05742919
  0.8661669   2.93329563  7.57434459  1.61663429 -0.09832076]
[ 2.94219433  5.06227712  7.83838685  4.74138295  4.46541374 -2.6147864
 -4.83459543 -3.71211988 -2.56425754 -4.86902812 -2.27516989]
[-0.49237902 -0.14133712 -2.44365775 -2.80453377 -2.34410799  2.08280843
 -0.02323223  0.200168    1.60635208  0.10556207 -0.16918336]
[-1.73731737  1.23114157  2.79289158  4.58562611  0.65024295  1.30662921
 -2.075684   -0.49087718  1.30573631  4.76765296  1.96388803]
[ 3.43354856 -0.20530418 -1.66203105 -0.26803424  6.51261423  0.19639439
  2.04244934  2.92917895  1.76017288  5.69403097  1.28771801]
[  1.78158243e+00   2.58179772e+00  -5.04428309e+00  -5.36695932e+00
  -5.79318134e-01  -2.20249024e+00  -6.21442269e+00  -4.90671712e+00
   5.31688352e-03   1.88258038e+00  -1.30157195e+00]
[-2.36246554 -1.07335761 -0.34435059 -2.91338637  2.02441541  1.98819572
 -4.31473128 -0.47893268  1.23262015  3.19375073  5.52538312]
[ 5.32452903  6.54624191  2.20814285  4.48853001  1.12103013  2.26451725
  1.1049792  -4.38984949 -1.32670897  0.13598612  2.16393127]
[-2.67177618 -3.40975681 -3.99433848  2.37624621 -1.56525073  3.61054438
  6.88626904  5.89649054  4.18444534  4.9863272   1.91347378]
[ 2.13412655  5.37612359  5.85412293  4.59809855 -0.88760352 -0.31516786
 -1.09941774  2.14741211  0.90739143 -1.61283166 -6.49678746]
[-1.27562065  1.88465223  2.21552763  3.1096619   0.48525834 -0.48082507
 -4.94102772  7.18553919  5.55920943 -0.71489856 -4.73425696]
[-0.15146016  0.74820749 -0.27920551  4.59319013  4.38350759  7.9589222
  8.70215437  2.84627217  0.65824239 -1.59614741  1.30879799]
[ 3.40394746  0.79839065  3.36055043 -3.93597434 -5.49286572 -2.10913802
  0.9870967  -1.49749367  0.68930891  1.41825964 -2.84290481]
[ 1.1148679  -2.62412022 -6.89240274 -1.02447131  0.10465676 -2.57318743
 -3.81871463  1.47341645  1.58168598  4.53228806  0.14736151]
[ 2.57069728  4.08583345  3.46880884  0.18798875 -0.45308604  0.56086648
  2.32057631  1.05272443 -2.96386458  0.62899105  2.19151852]
[ 0.16156539  0.61776254  1.85828346 -2.25778216  1.16701094  3.69272566
 -5.53128157 -5.90015814  2.33650944  2.30092811  1.52219371]
[-1.51363313 -3.339298   -3.94740212 -3.64520398  0.89560585  4.30439771
  3.79004024 -0.69460024 -3.57798523 -0.36614282  2.18403882]
[ 2.11768964  0.04523119  2.60426048  2.22366147 -2.50667905  3.4389031
 -0.43009356  3.89892706  0.06811697 -2.50071265 -0.53121669]
[-2.35930505  0.63906103  3.11837753  3.94532965  7.21034553  4.37513281
  1.45192893  4.47759734  6.66501131 -1.56482521 -1.50272674]
